-----------------------PRIMEIRA QUESTAO----------------------
===============================================================
Criacao de grafos com diferentes tamanhos e graus de conectividade

Grafo 1, Numero de vertices: 5, Numero de arestas: 9,Grau de Conectividade sorteado: 87%
    0   1   2   3   4
-------------------------
0|   0   1   1   1   0   

1|   1   0   1   1   0   

2|   1   1   0   1   1   

3|   1   1   1   0   1   

4|   0   0   1   1   0   



Grafo 2, Numero de vertices: 5, Numero de arestas: 7,Grau de Conectividade sorteado: 66%
    0   1   2   3   4
-------------------------
0|   0   1   0   1   0   

1|   1   0   1   0   0   

2|   0   1   0   1   1   

3|   1   0   1   0   1   

4|   0   0   1   1   0   



Grafo 3, Numero de vertices: 9, Numero de arestas: 23,Grau de Conectividade sorteado: 63%
    0   1   2   3   4   5   6   7   8
---------------------------------------------
0|   0   1   1   0   0   1   1   0   0   

1|   1   0   1   1   0   0   0   1   0   

2|   1   1   0   1   1   1   0   0   1   

3|   0   1   1   0   1   1   1   1   0   

4|   0   0   1   1   0   1   1   0   1   

5|   1   0   1   1   1   0   1   0   1   

6|   1   0   0   1   1   1   0   1   0   

7|   0   1   0   1   0   0   1   0   1   

8|   0   0   1   0   1   1   0   1   0   



Grafo 4, Numero de vertices: 5, Numero de arestas: 4,Grau de Conectividade sorteado: 36%
    0   1   2   3   4
-------------------------
0|   0   1   0   0   0   

1|   1   0   1   0   0   

2|   0   1   0   1   0   

3|   0   0   1   0   1   

4|   0   0   0   1   0   



Grafo 5, Numero de vertices: 5, Numero de arestas: 9,Grau de Conectividade sorteado: 87%
    0   1   2   3   4
-------------------------
0|   0   1   1   1   0   

1|   1   0   1   1   0   

2|   1   1   0   1   1   

3|   1   1   1   0   1   

4|   0   0   1   1   0   



Grafo 6, Numero de vertices: 5, Numero de arestas: 7,Grau de Conectividade sorteado: 66%
    0   1   2   3   4
-------------------------
0|   0   1   0   1   0   

1|   1   0   1   0   0   

2|   0   1   0   1   1   

3|   1   0   1   0   1   

4|   0   0   1   1   0   



Grafo 7, Numero de vertices: 9, Numero de arestas: 23,Grau de Conectividade sorteado: 63%
    0   1   2   3   4   5   6   7   8
---------------------------------------------
0|   0   1   1   0   0   1   1   0   0   

1|   1   0   1   1   0   0   0   1   0   

2|   1   1   0   1   1   1   0   0   1   

3|   0   1   1   0   1   1   1   1   0   

4|   0   0   1   1   0   1   1   0   1   

5|   1   0   1   1   1   0   1   0   1   

6|   1   0   0   1   1   1   0   1   0   

7|   0   1   0   1   0   0   1   0   1   

8|   0   0   1   0   1   1   0   1   0   



Grafo 8, Numero de vertices: 5, Numero de arestas: 4,Grau de Conectividade sorteado: 36%
    0   1   2   3   4
-------------------------
0|   0   1   0   0   0   

1|   1   0   1   0   0   

2|   0   1   0   1   0   

3|   0   0   1   0   1   

4|   0   0   0   1   0   



Grafo 9, Numero de vertices: 5, Numero de arestas: 9,Grau de Conectividade sorteado: 87%
    0   1   2   3   4
-------------------------
0|   0   1   1   1   0   

1|   1   0   1   1   0   

2|   1   1   0   1   1   

3|   1   1   1   0   1   

4|   0   0   1   1   0   



Grafo 10, Numero de vertices: 5, Numero de arestas: 7,Grau de Conectividade sorteado: 66%
    0   1   2   3   4
-------------------------
0|   0   1   0   1   0   

1|   1   0   1   0   0   

2|   0   1   0   1   1   

3|   1   0   1   0   1   

4|   0   0   1   1   0   



-----------------------SEGUNDA/TERCEIRA QUESTAO----------------------
===============================================================
Mostrar os niveis da arvore resultante da BFS e media do tempo de execucao

Grafo: 1, Numero de vertices: 431, Numero de arestas: 58379, Grau de conectividade sorteado: 63%
Raiz sorteada para a BFS: 225
BFS 1, Tempo: 0.0017510
DFS 1, Tempo: 0.0016860

Resultados BFS
Distancia 0:  225

Distancia 1:  2 4 6 7 8 9 10 11 18 24 26 29 31 34 36 39 41 44 45 47 52 53 54 55 56 58 59 60 61 62 64 66 67 68 70 71 73 74 75 76 77 78 80 81 82 83 86 87 88 90 91 92 94 95 98 99 100 101 102 104 105 107 108 109 110 112 113 115 116 117 120 121 122 124 125 126 127 130 133 135 136 137 139 142 143 144 145 146 147 148 149 150 151 155 158 159 163 165 167 168 169 170 171 172 173 174 177 179 180 181 182 184 185 187 188 190 191 193 194 195 197 200 201 204 205 206 207 208 209 211 212 213 219 220 224 226 227 232 233 234 235 236 237 239 240 243 245 246 248 250 252 254 255 258 260 264 265 266 267 270 271 272 276 277 280 281 282 287 290 291 294 295 296 297 300 301 302 303 304 305 308 314 316 317 318 319 324 326 327 328 330 332 333 334 335 339 341 343 344 345 346 349 350 351 353 354 356 358 359 362 363 364 365 367 369 370 371 372 373 375 376 379 381 382 384 391 393 394 395 396 398 399 401 402 403 405 406 407 408 410 411 412 413 414 416 417 424 426 427 429

Distancia 2:  0 1 3 5 12 13 14 15 16 17 19 20 21 22 23 25 27 28 30 32 33 35 37 38 40 42 43 46 48 49 50 51 57 63 65 69 72 79 84 85 89 93 96 97 103 106 111 114 118 119 123 128 129 131 132 134 138 140 141 152 153 154 156 157 160 161 162 164 166 175 176 178 183 186 189 192 196 198 199 202 203 210 214 215 216 217 218 221 222 223 228 229 230 231 238 241 242 244 247 249 251 253 256 257 259 261 262 263 268 269 273 274 275 278 279 283 284 285 286 288 289 292 293 298 299 306 307 309 310 311 312 313 315 320 321 322 323 325 329 331 336 337 338 340 342 347 348 352 355 357 360 361 366 368 374 377 378 380 383 385 386 387 388 389 390 392 397 400 404 409 415 418 419 420 421 422 423 425 428 430


Resultados DFS
0 1 2 3 4 5 6 7 8 9 10 11 12 13 14 15 16 17 18 19 20 21 22 23 24 25 26 27 28 29 30 31 32 33 34 35 36 37 38 39 40 41 42 43 44 45 46 47 48 49 50 51 52 53 54 55 56 57 58 59 60 61 62 63 64 65 66 67 68 69 70 71 72 73 74 75 76 77 78 79 80 81 82 83 84 85 86 87 88 89 90 91 92 93 94 95 96 97 98 99 100 101 102 103 104 105 106 107 108 109 110 111 112 113 114 115 116 117 118 119 120 121 122 123 124 125 126 127 128 129 130 131 132 133 134 135 136 137 138 139 140 141 142 143 144 145 146 147 148 149 150 151 152 153 154 155 156 157 158 159 160 161 162 163 164 165 166 167 168 169 170 171 172 173 174 175 176 177 178 179 180 181 182 183 184 185 186 187 188 189 190 191 192 193 194 195 196 197 198 199 200 201 202 203 204 205 206 207 208 209 210 211 212 213 214 215 216 217 218 219 220 221 222 223 224 225 226 227 228 229 230 231 232 233 234 235 236 237 238 239 240 241 242 243 244 245 246 247 248 249 250 251 252 253 254 255 256 257 258 259 260 261 262 263 264 265 266 267 268 269 270 271 272 273 274 275 276 277 278 279 280 281 282 283 284 285 286 287 288 289 290 291 292 293 294 295 296 297 298 299 300 301 302 303 304 305 306 307 308 309 310 311 312 313 314 315 316 317 318 319 320 321 322 323 324 325 326 327 328 329 330 331 332 333 334 335 336 337 338 339 340 341 342 343 344 345 346 347 348 349 350 351 352 353 354 355 356 357 358 359 360 361 362 363 364 365 366 367 368 369 370 371 372 373 374 375 376 377 378 379 380 381 382 383 384 385 386 387 388 389 390 391 392 393 394 395 396 397 398 399 400 401 402 403 404 405 406 407 408 409 410 411 412 413 414 415 416 417 418 419 420 421 422 423 424 425 426 427 428 429 430 


Grafo: 2, Numero de vertices: 374, Numero de arestas: 53708, Grau de conectividade sorteado: 77%
Raiz sorteada para a BFS: 71
BFS 2, Tempo: 0.0008440
DFS 2, Tempo: 0.0007590

Resultados BFS
Distancia 0:  71

Distancia 1:  0 1 2 3 4 5 6 7 8 9 11 12 14 15 17 18 19 20 22 23 24 27 28 31 32 33 34 35 37 38 39 41 42 43 44 46 47 51 52 53 54 55 56 57 58 59 60 62 64 65 66 68 69 70 72 74 76 77 78 79 80 81 82 83 84 85 86 87 88 90 93 94 95 97 98 100 101 103 104 105 107 108 109 110 111 112 113 114 117 118 120 121 124 125 126 127 128 129 131 132 134 135 136 137 138 139 140 141 144 145 146 147 149 150 151 152 153 154 155 156 157 158 159 161 162 163 164 165 166 167 168 169 171 172 174 175 176 177 178 181 182 183 187 189 193 196 197 198 200 202 204 205 206 207 211 212 213 214 215 216 217 221 224 225 226 227 229 230 231 232 233 234 235 236 237 238 239 240 243 244 246 247 250 253 255 256 257 258 259 260 261 262 264 266 270 271 272 273 274 275 276 277 278 279 280 281 282 283 284 286 288 290 291 292 293 294 295 296 297 298 299 301 303 304 305 306 307 308 309 310 311 312 313 315 317 318 319 320 321 322 323 325 327 328 329 330 331 333 335 336 337 340 341 342 344 345 346 347 348 349 350 351 353 355 356 357 358 359 360 361 363 364 365 368 369

Distancia 2:  10 13 16 21 25 26 29 30 36 40 45 48 49 50 61 63 67 73 75 89 91 92 96 99 102 106 115 116 119 122 123 130 133 142 143 148 160 170 173 179 180 184 185 186 188 190 191 192 194 195 199 201 203 208 209 210 218 219 220 222 223 228 241 242 245 248 249 251 252 254 263 265 267 268 269 285 287 289 300 302 314 316 324 326 332 334 338 339 343 352 354 362 366 367 370 371 372 373


Resultados DFS
0 1 2 3 4 5 6 7 8 9 10 11 12 13 14 15 16 17 18 19 20 21 22 23 24 25 26 27 28 29 30 31 32 33 34 35 36 37 38 39 40 41 42 43 44 45 46 47 48 49 50 51 52 53 54 55 56 57 58 59 60 61 62 63 64 65 66 67 68 69 70 71 72 73 74 75 76 77 78 79 80 81 82 83 84 85 86 87 88 89 90 91 92 93 94 95 96 97 98 99 100 101 102 103 104 105 106 107 108 109 110 111 112 113 114 115 116 117 118 119 120 121 122 123 124 125 126 127 128 129 130 131 132 133 134 135 136 137 138 139 140 141 142 143 144 145 146 147 148 149 150 151 152 153 154 155 156 157 158 159 160 161 162 163 164 165 166 167 168 169 170 171 172 173 174 175 176 177 178 179 180 181 182 183 184 185 186 187 188 189 190 191 192 193 194 195 196 197 198 199 200 201 202 203 204 205 206 207 208 209 210 211 212 213 214 215 216 217 218 219 220 221 222 223 224 225 226 227 228 229 230 231 232 233 234 235 236 237 238 239 240 241 242 243 244 245 246 247 248 249 250 251 252 253 254 255 256 257 258 259 260 261 262 263 264 265 266 267 268 269 270 271 272 273 274 275 276 277 278 279 280 281 282 283 284 285 286 287 288 289 290 291 292 293 294 295 296 297 298 299 300 301 302 303 304 305 306 307 308 309 310 311 312 313 314 315 316 317 318 319 320 321 322 323 324 325 326 327 328 329 330 331 332 333 334 335 336 337 338 339 340 341 342 343 344 345 346 347 348 349 350 351 352 353 354 355 356 357 358 359 360 361 362 363 364 365 366 367 368 369 370 371 372 373 


Grafo: 3, Numero de vertices: 458, Numero de arestas: 94188, Grau de conectividade sorteado: 90%
Raiz sorteada para a BFS: 95
BFS 3, Tempo: 0.0009460
DFS 3, Tempo: 0.0009750

Resultados BFS
Distancia 0:  95

Distancia 1:  0 1 2 3 4 5 7 8 10 11 12 13 14 15 16 17 18 19 20 21 22 23 24 25 26 27 28 29 30 31 32 33 34 35 36 37 38 39 40 41 42 44 45 46 47 48 50 51 53 54 56 57 58 59 60 61 62 63 64 65 66 67 68 69 70 71 72 73 74 75 76 77 78 79 80 81 82 83 84 85 86 87 88 89 90 91 92 93 94 96 97 98 99 100 101 102 103 104 105 106 107 108 109 111 112 113 114 115 116 117 118 119 120 121 122 124 125 126 127 129 130 131 132 133 134 135 136 138 139 140 141 142 143 144 145 146 147 148 150 151 152 153 154 155 156 157 158 159 160 161 162 163 164 166 167 168 169 170 172 173 174 175 176 177 178 179 180 181 182 183 185 186 187 189 190 191 192 193 194 195 196 197 198 199 200 201 202 203 204 205 206 208 209 210 211 212 213 214 215 216 217 218 219 220 221 222 223 224 225 226 227 228 231 232 233 234 235 236 237 238 239 240 241 243 244 245 246 247 248 249 250 251 252 254 255 256 257 258 259 260 261 262 263 264 265 266 268 269 270 271 272 273 275 276 278 279 280 281 282 283 284 285 286 287 288 289 290 291 292 293 294 295 296 298 300 301 302 303 305 306 307 308 309 310 311 312 313 314 315 316 317 319 320 321 322 323 324 325 326 327 329 330 331 332 333 334 335 336 337 338 340 342 343 344 345 346 347 348 350 351 352 353 355 356 357 358 359 360 361 362 363 365 366 367 368 369 370 371 372 373 374 375 377 378 379 380 381 382 383 384 385 386 387 388 389 390 391 392 393 394 395 396 397 398 400 401 402 403 404 405 406 407 408 409 410 411 412 413 414 415 416 417 418 419 420 421 422 423 424 425 426 427 428 429 431 432 433 434 435 436 437 438 439 440 441 442 443 444 445 446 447 449 450 451 452 453 454 455 456 457

Distancia 2:  6 9 43 49 52 55 110 123 128 137 149 165 171 184 188 207 229 230 242 253 267 274 277 297 299 304 318 328 339 341 349 354 364 376 399 430 448


Resultados DFS
0 1 2 3 4 5 6 7 8 9 10 11 12 13 14 15 16 17 18 19 20 21 22 23 24 25 26 27 28 29 30 31 32 33 34 35 36 37 38 39 40 41 42 43 44 45 46 47 48 49 50 51 52 53 54 55 56 57 58 59 60 61 62 63 64 65 66 67 68 69 70 71 72 73 74 75 76 77 78 79 80 81 82 83 84 85 86 87 88 89 90 91 92 93 94 95 96 97 98 99 100 101 102 103 104 105 106 107 108 109 110 111 112 113 114 115 116 117 118 119 120 121 122 123 124 125 126 127 128 129 130 131 132 133 134 135 136 137 138 139 140 141 142 143 144 145 146 147 148 149 150 151 152 153 154 155 156 157 158 159 160 161 162 163 164 165 166 167 168 169 170 171 172 173 174 175 176 177 178 179 180 181 182 183 184 185 186 187 188 189 190 191 192 193 194 195 196 197 198 199 200 201 202 203 204 205 206 207 208 209 210 211 212 213 214 215 216 217 218 219 220 221 222 223 224 225 226 227 228 229 230 231 232 233 234 235 236 237 238 239 240 241 242 243 244 245 246 247 248 249 250 251 252 253 254 255 256 257 258 259 260 261 262 263 264 265 266 267 268 269 270 271 272 273 274 275 276 277 278 279 280 281 282 283 284 285 286 287 288 289 290 291 292 293 294 295 296 297 298 299 300 301 302 303 304 305 306 307 308 309 310 311 312 313 314 315 316 317 318 319 320 321 322 323 324 325 326 327 328 329 330 331 332 333 334 335 336 337 338 339 340 341 342 343 344 345 346 347 348 349 350 351 352 353 354 355 356 357 358 359 360 361 362 363 364 365 366 367 368 369 370 371 372 373 374 375 376 377 378 379 380 381 382 383 384 385 386 387 388 389 390 391 392 393 394 395 396 397 398 399 400 401 402 403 404 405 406 407 408 409 410 411 412 413 414 415 416 417 418 419 420 421 422 423 424 425 426 427 428 429 430 431 432 433 434 435 436 437 438 439 440 441 442 443 444 445 446 447 448 449 450 451 452 453 454 455 456 457 


Grafo: 4, Numero de vertices: 424, Numero de arestas: 86986, Grau de conectividade sorteado: 97%
Raiz sorteada para a BFS: 11
BFS 4, Tempo: 0.0005300
DFS 4, Tempo: 0.0005080

Resultados BFS
Distancia 0:  11

Distancia 1:  0 1 2 3 4 5 6 7 8 9 10 12 13 14 15 16 17 18 19 20 21 22 23 24 25 26 27 28 29 30 31 32 33 34 35 36 37 38 39 40 41 42 43 44 45 46 47 48 49 50 51 52 53 54 55 56 57 58 59 60 61 62 63 64 65 66 67 68 69 70 71 73 74 75 76 77 78 79 80 81 82 83 85 86 87 88 89 90 91 92 93 94 95 96 97 98 99 100 101 102 103 104 105 106 107 108 109 110 111 112 113 114 115 116 117 118 119 120 121 122 123 124 125 126 127 128 129 130 131 132 133 134 135 136 137 138 139 140 141 142 143 144 145 146 147 148 149 150 151 152 153 155 156 157 158 159 160 161 162 163 164 165 166 167 168 169 170 171 172 173 174 175 176 177 178 179 180 181 182 183 184 185 186 187 188 189 190 191 192 193 194 195 196 197 198 199 200 201 202 203 205 206 207 208 209 210 211 212 213 214 215 216 217 218 219 220 221 222 223 224 225 226 227 229 230 231 232 233 234 235 236 237 238 239 240 241 242 243 244 245 246 247 248 249 250 251 252 253 254 255 256 257 258 259 260 261 262 263 264 265 266 267 268 269 270 271 273 274 275 276 277 278 279 280 281 282 283 284 285 286 287 288 289 290 291 292 293 294 295 296 297 298 299 300 301 302 303 304 305 306 307 308 309 310 311 312 313 314 315 316 317 318 319 320 321 322 323 324 325 326 327 328 329 330 331 332 333 334 335 336 337 338 339 340 341 342 344 346 347 348 349 350 351 352 353 354 355 356 357 358 359 360 361 362 363 364 365 366 367 368 369 370 371 372 373 374 375 376 377 378 379 380 381 382 383 385 386 387 388 389 390 391 392 393 394 395 396 397 398 399 400 401 402 403 404 405 406 407 408 409 410 411 412 413 414 415 416 417 418 419 420 421 422 423

Distancia 2:  72 84 154 204 228 272 343 345 384


Resultados DFS
0 1 2 3 4 5 6 7 8 9 10 11 12 13 14 15 16 17 18 19 20 21 22 23 24 25 26 27 28 29 30 31 32 33 34 35 36 37 38 39 40 41 42 43 44 45 46 47 48 49 50 51 52 53 54 55 56 57 58 59 60 61 62 63 64 65 66 67 68 69 70 71 72 73 74 75 76 77 78 79 80 81 82 83 84 85 86 87 88 89 90 91 92 93 94 95 96 97 98 99 100 101 102 103 104 105 106 107 108 109 110 111 112 113 114 115 116 117 118 119 120 121 122 123 124 125 126 127 128 129 130 131 132 133 134 135 136 137 138 139 140 141 142 143 144 145 146 147 148 149 150 151 152 153 154 155 156 157 158 159 160 161 162 163 164 165 166 167 168 169 170 171 172 173 174 175 176 177 178 179 180 181 182 183 184 185 186 187 188 189 190 191 192 193 194 195 196 197 198 199 200 201 202 203 204 205 206 207 208 209 210 211 212 213 214 215 216 217 218 219 220 221 222 223 224 225 226 227 228 229 230 231 232 233 234 235 236 237 238 239 240 241 242 243 244 245 246 247 248 249 250 251 252 253 254 255 256 257 258 259 260 261 262 263 264 265 266 267 268 269 270 271 272 273 274 275 276 277 278 279 280 281 282 283 284 285 286 287 288 289 290 291 292 293 294 295 296 297 298 299 300 301 302 303 304 305 306 307 308 309 310 311 312 313 314 315 316 317 318 319 320 321 322 323 324 325 326 327 328 329 330 331 332 333 334 335 336 337 338 339 340 341 342 343 344 345 346 347 348 349 350 351 352 353 354 355 356 357 358 359 360 361 362 363 364 365 366 367 368 369 370 371 372 373 374 375 376 377 378 379 380 381 382 383 384 385 386 387 388 389 390 391 392 393 394 395 396 397 398 399 400 401 402 403 404 405 406 407 408 409 410 411 412 413 414 415 416 417 418 419 420 421 422 423 


Grafo: 5, Numero de vertices: 488, Numero de arestas: 67732, Grau de conectividade sorteado: 57%
Raiz sorteada para a BFS: 88
BFS 5, Tempo: 0.0020070
DFS 5, Tempo: 0.0019040

Resultados BFS
Distancia 0:  88

Distancia 1:  0 2 3 4 6 8 10 11 12 13 14 17 18 19 20 21 22 24 25 26 28 29 33 35 40 42 43 45 47 48 49 50 51 52 53 56 58 60 62 64 66 67 68 69 71 74 75 77 80 83 84 86 87 89 90 94 99 100 103 105 106 107 109 110 111 116 118 120 122 123 124 125 126 128 130 131 135 136 139 142 146 147 148 149 150 151 152 155 157 158 159 160 161 162 164 165 170 171 172 173 174 175 176 177 178 179 180 181 182 183 184 185 186 187 191 193 194 195 198 201 202 204 205 207 208 210 211 212 213 214 216 217 218 222 223 225 226 228 229 231 233 235 236 237 238 239 240 241 242 245 246 251 252 254 257 258 261 262 263 267 268 274 276 280 281 282 284 286 288 289 290 291 292 295 298 299 301 302 304 306 307 308 310 311 312 314 316 319 320 321 322 323 324 325 326 328 330 331 332 334 335 337 339 340 342 346 349 351 354 355 356 357 358 361 362 363 365 368 371 372 373 375 377 379 384 386 388 390 392 393 394 397 401 403 405 406 407 409 411 412 414 415 417 418 419 423 424 427 428 431 432 433 434 435 441 443 444 446 447 448 450 451 453 456 457 458 468 469 471 473 474 475 476 477 479 480 481 482 483 485

Distancia 2:  1 5 7 9 15 16 23 27 30 31 32 34 36 37 38 39 41 44 46 54 55 57 59 61 63 65 70 72 73 76 78 79 81 82 85 91 92 93 95 96 97 98 101 102 104 108 112 113 114 115 117 119 121 127 129 132 133 134 137 138 140 141 143 144 145 153 154 156 163 166 167 168 169 188 189 190 192 196 197 199 200 203 206 209 215 219 220 221 224 227 230 232 234 243 244 247 248 249 250 253 255 256 259 260 264 265 266 269 270 271 272 273 275 277 278 279 283 285 287 293 294 296 297 300 303 305 309 313 315 317 318 327 329 333 336 338 341 343 344 345 347 348 350 352 353 359 360 364 366 367 369 370 374 376 378 380 381 382 383 385 387 389 391 395 396 398 399 400 402 404 408 410 413 416 420 421 422 425 426 429 430 436 437 438 439 440 442 445 449 452 454 455 459 460 461 462 463 464 465 466 467 470 472 478 484 486 487


Resultados DFS
0 1 2 3 4 5 6 7 8 9 10 11 12 13 14 15 16 17 18 19 20 21 22 23 24 25 26 27 28 29 30 31 32 33 34 35 36 37 38 39 40 41 42 43 44 45 46 47 48 49 50 51 52 53 54 55 56 57 58 59 60 61 62 63 64 65 66 67 68 69 70 71 72 73 74 75 76 77 78 79 80 81 82 83 84 85 86 87 88 89 90 91 92 93 94 95 96 97 98 99 100 101 102 103 104 105 106 107 108 109 110 111 112 113 114 115 116 117 118 119 120 121 122 123 124 125 126 127 128 129 130 131 132 133 134 135 136 137 138 139 140 141 142 143 144 145 146 147 148 149 150 151 152 153 154 155 156 157 158 159 160 161 162 163 164 165 166 167 168 169 170 171 172 173 174 175 176 177 178 179 180 181 182 183 184 185 186 187 188 189 190 191 192 193 194 195 196 197 198 199 200 201 202 203 204 205 206 207 208 209 210 211 212 213 214 215 216 217 218 219 220 221 222 223 224 225 226 227 228 229 230 231 232 233 234 235 236 237 238 239 240 241 242 243 244 245 246 247 248 249 250 251 252 253 254 255 256 257 258 259 260 261 262 263 264 265 266 267 268 269 270 271 272 273 274 275 276 277 278 279 280 281 282 283 284 285 286 287 288 289 290 291 292 293 294 295 296 297 298 299 300 301 302 303 304 305 306 307 308 309 310 311 312 313 314 315 316 317 318 319 320 321 322 323 324 325 326 327 328 329 330 331 332 333 334 335 336 337 338 339 340 341 342 343 344 345 346 347 348 349 350 351 352 353 354 355 356 357 358 359 360 361 362 363 364 365 366 367 368 369 370 371 372 373 374 375 376 377 378 379 380 381 382 383 384 385 386 387 388 389 390 391 392 393 394 395 396 397 398 399 400 401 402 403 404 405 406 407 408 409 410 411 412 413 414 415 416 417 418 419 420 421 422 423 424 425 426 427 428 429 430 431 432 433 434 435 436 437 438 439 440 441 442 443 444 445 446 447 448 449 450 451 452 453 454 455 456 457 458 459 460 461 462 463 464 465 466 467 468 469 470 471 472 473 474 475 476 477 478 479 480 481 482 483 484 485 486 487 


Grafo: 6, Numero de vertices: 448, Numero de arestas: 70090, Grau de conectividade sorteado: 70%
Raiz sorteada para a BFS: 62
BFS 6, Tempo: 0.0013510
DFS 6, Tempo: 0.0012840

Resultados BFS
Distancia 0:  62

Distancia 1:  1 2 4 5 9 10 11 12 13 14 15 16 17 18 19 20 21 22 25 27 28 29 31 33 34 35 36 38 39 40 41 42 43 44 45 46 47 48 49 50 51 54 55 56 57 58 61 63 64 66 69 70 71 72 73 74 75 76 78 79 80 81 82 83 84 86 87 88 90 91 92 93 94 95 96 97 98 99 100 104 105 106 107 108 109 110 111 112 113 114 117 118 119 121 126 127 128 129 130 132 134 135 136 137 138 140 141 142 143 144 146 148 150 151 152 153 155 156 157 158 159 160 161 162 163 164 165 166 167 168 169 170 171 172 173 174 175 176 177 179 180 181 182 183 185 186 187 188 189 190 195 196 198 199 200 203 204 205 206 208 209 210 211 212 213 214 215 219 220 221 222 223 224 228 230 231 232 233 234 239 240 241 242 243 245 249 250 251 252 253 254 257 260 262 263 265 266 267 268 269 270 272 273 275 276 278 279 282 283 284 285 286 287 288 289 291 292 293 294 295 296 297 298 299 300 301 302 303 304 307 308 310 312 314 316 317 319 321 322 323 324 325 326 328 329 330 331 332 333 336 337 338 339 340 341 342 346 347 349 351 353 354 356 358 359 361 362 363 364 365 366 368 369 370 371 374 375 376 377 378 379 381 382 383 384 385 386 387 388 390 392 394 395 399 400 401 402 405 407 408 409 410 411 413 414 417 418 420 421 422 423 424 425 426 429 430 431 432 433 435 436 437 440 441 442 443 445 447

Distancia 2:  0 3 6 7 8 23 24 26 30 32 37 52 53 59 60 65 67 68 77 85 89 101 102 103 115 116 120 122 123 124 125 131 133 139 145 147 149 154 178 184 191 192 193 194 197 201 202 207 216 217 218 225 226 227 229 235 236 237 238 244 246 247 248 255 256 258 259 261 264 271 274 277 280 281 290 305 306 309 311 313 315 318 320 327 334 335 343 344 345 348 350 352 355 357 360 367 372 373 380 389 391 393 396 397 398 403 404 406 412 415 416 419 427 428 434 438 439 444 446


Resultados DFS
0 1 2 3 4 5 6 7 8 9 10 11 12 13 14 15 16 17 18 19 20 21 22 23 24 25 26 27 28 29 30 31 32 33 34 35 36 37 38 39 40 41 42 43 44 45 46 47 48 49 50 51 52 53 54 55 56 57 58 59 60 61 62 63 64 65 66 67 68 69 70 71 72 73 74 75 76 77 78 79 80 81 82 83 84 85 86 87 88 89 90 91 92 93 94 95 96 97 98 99 100 101 102 103 104 105 106 107 108 109 110 111 112 113 114 115 116 117 118 119 120 121 122 123 124 125 126 127 128 129 130 131 132 133 134 135 136 137 138 139 140 141 142 143 144 145 146 147 148 149 150 151 152 153 154 155 156 157 158 159 160 161 162 163 164 165 166 167 168 169 170 171 172 173 174 175 176 177 178 179 180 181 182 183 184 185 186 187 188 189 190 191 192 193 194 195 196 197 198 199 200 201 202 203 204 205 206 207 208 209 210 211 212 213 214 215 216 217 218 219 220 221 222 223 224 225 226 227 228 229 230 231 232 233 234 235 236 237 238 239 240 241 242 243 244 245 246 247 248 249 250 251 252 253 254 255 256 257 258 259 260 261 262 263 264 265 266 267 268 269 270 271 272 273 274 275 276 277 278 279 280 281 282 283 284 285 286 287 288 289 290 291 292 293 294 295 296 297 298 299 300 301 302 303 304 305 306 307 308 309 310 311 312 313 314 315 316 317 318 319 320 321 322 323 324 325 326 327 328 329 330 331 332 333 334 335 336 337 338 339 340 341 342 343 344 345 346 347 348 349 350 351 352 353 354 355 356 357 358 359 360 361 362 363 364 365 366 367 368 369 370 371 372 373 374 375 376 377 378 379 380 381 382 383 384 385 386 387 388 389 390 391 392 393 394 395 396 397 398 399 400 401 402 403 404 405 406 407 408 409 410 411 412 413 414 415 416 417 418 419 420 421 422 423 424 425 426 427 428 429 430 431 432 433 434 435 436 437 438 439 440 441 442 443 444 445 446 447 


Grafo: 7, Numero de vertices: 366, Numero de arestas: 58780, Grau de conectividade sorteado: 88%
Raiz sorteada para a BFS: 149
BFS 7, Tempo: 0.0008430
DFS 7, Tempo: 0.0007640

Resultados BFS
Distancia 0:  149

Distancia 1:  0 1 2 3 4 5 6 7 8 9 10 11 12 13 14 15 18 19 20 21 22 23 24 25 26 27 28 29 30 31 32 33 34 35 36 37 38 39 40 41 42 43 44 45 47 48 49 51 52 53 54 55 56 57 58 59 60 61 62 63 64 65 66 67 71 72 73 74 75 76 77 78 79 80 81 82 83 84 85 86 87 88 89 90 91 92 93 94 96 97 98 99 100 101 102 103 104 106 108 109 110 111 114 115 116 117 118 119 120 121 122 123 124 125 126 127 128 129 130 131 132 133 134 135 137 138 140 141 142 143 144 145 146 147 148 150 153 154 156 157 158 159 160 161 162 163 164 165 166 167 168 169 172 174 175 176 177 178 179 180 181 182 183 184 185 186 187 188 190 191 193 194 195 196 197 198 199 200 201 202 203 204 205 206 207 208 209 211 212 213 214 215 216 217 219 220 221 222 223 224 225 228 229 230 231 232 233 234 235 236 237 238 239 241 242 243 244 247 248 249 250 251 252 253 254 255 256 257 259 260 261 262 263 264 267 268 269 272 274 276 277 279 280 282 283 284 285 286 287 288 289 290 291 292 293 294 295 296 297 298 301 302 303 304 305 308 309 310 312 315 316 317 318 319 320 321 322 323 324 325 326 328 330 331 332 333 334 335 336 337 338 339 340 341 342 343 344 346 347 348 349 350 351 352 353 354 355 356 357 358 359 360 361 362 363 364

Distancia 2:  16 17 46 50 68 69 70 95 105 107 112 113 136 139 151 152 155 170 171 173 189 192 210 218 226 227 240 245 246 258 265 266 270 271 273 275 278 281 299 300 306 307 311 313 314 327 329 345 365


Resultados DFS
0 1 2 3 4 5 6 7 8 9 10 11 12 13 14 15 16 17 18 19 20 21 22 23 24 25 26 27 28 29 30 31 32 33 34 35 36 37 38 39 40 41 42 43 44 45 46 47 48 49 50 51 52 53 54 55 56 57 58 59 60 61 62 63 64 65 66 67 68 69 70 71 72 73 74 75 76 77 78 79 80 81 82 83 84 85 86 87 88 89 90 91 92 93 94 95 96 97 98 99 100 101 102 103 104 105 106 107 108 109 110 111 112 113 114 115 116 117 118 119 120 121 122 123 124 125 126 127 128 129 130 131 132 133 134 135 136 137 138 139 140 141 142 143 144 145 146 147 148 149 150 151 152 153 154 155 156 157 158 159 160 161 162 163 164 165 166 167 168 169 170 171 172 173 174 175 176 177 178 179 180 181 182 183 184 185 186 187 188 189 190 191 192 193 194 195 196 197 198 199 200 201 202 203 204 205 206 207 208 209 210 211 212 213 214 215 216 217 218 219 220 221 222 223 224 225 226 227 228 229 230 231 232 233 234 235 236 237 238 239 240 241 242 243 244 245 246 247 248 249 250 251 252 253 254 255 256 257 258 259 260 261 262 263 264 265 266 267 268 269 270 271 272 273 274 275 276 277 278 279 280 281 282 283 284 285 286 287 288 289 290 291 292 293 294 295 296 297 298 299 300 301 302 303 304 305 306 307 308 309 310 311 312 313 314 315 316 317 318 319 320 321 322 323 324 325 326 327 328 329 330 331 332 333 334 335 336 337 338 339 340 341 342 343 344 345 346 347 348 349 350 351 352 353 354 355 356 357 358 359 360 361 362 363 364 365 


Grafo: 8, Numero de vertices: 471, Numero de arestas: 30992, Grau de conectividade sorteado: 28%
Raiz sorteada para a BFS: 208
BFS 8, Tempo: 0.0016660
DFS 8, Tempo: 0.0013340

Resultados BFS
Distancia 0:  208

Distancia 1:  0 2 7 9 10 11 13 28 29 34 39 43 45 46 50 54 58 65 70 71 72 73 74 75 76 82 85 86 88 95 104 105 111 137 138 139 153 160 164 166 167 168 175 185 192 194 195 196 207 209 210 215 220 222 224 228 233 235 237 243 244 246 247 253 254 256 261 272 275 277 283 284 288 290 293 296 300 306 309 316 319 329 331 332 339 344 347 354 357 359 367 368 369 371 382 385 390 391 393 400 405 407 408 409 413 415 416 418 419 421 425 433 434 440 444 445 448 450 451 453 454 456 458 468

Distancia 2:  1 3 4 5 6 8 12 14 15 16 17 18 19 20 21 22 23 24 25 26 27 30 31 32 33 35 36 37 38 40 41 42 44 47 48 49 51 52 53 55 56 57 59 60 61 62 63 64 66 67 68 69 77 78 79 80 81 83 84 87 89 90 91 92 93 94 96 97 98 99 100 101 102 103 106 107 108 109 110 112 113 114 115 116 117 118 119 120 121 122 123 124 125 126 127 128 129 130 131 132 133 134 135 136 140 141 142 143 144 145 146 147 148 149 150 151 152 154 155 156 157 158 159 161 162 163 165 169 170 171 172 173 174 176 177 178 179 180 181 182 183 184 186 187 188 189 190 191 193 197 198 199 200 201 202 203 204 205 206 211 212 213 214 216 217 218 219 221 223 225 226 227 229 230 231 232 234 236 238 239 240 241 242 245 248 249 250 251 252 255 257 258 259 260 262 263 264 265 266 267 268 269 270 271 273 274 276 278 279 280 281 282 285 286 287 289 291 292 294 295 297 298 299 301 302 303 304 305 307 308 310 311 312 313 314 315 317 318 320 321 322 323 324 325 326 327 328 330 333 334 335 336 337 338 340 341 342 343 345 346 348 349 350 351 352 353 355 356 358 360 361 362 363 364 365 366 370 372 373 374 375 376 377 378 379 380 381 383 384 386 387 388 389 392 394 395 396 397 398 399 401 402 403 404 406 410 411 412 414 417 420 422 423 424 426 427 428 429 430 431 432 435 436 437 438 439 441 442 443 446 447 449 452 455 457 459 460 461 462 463 464 465 466 467 469 470


Resultados DFS
0 1 2 3 4 5 6 7 8 9 10 11 12 13 14 15 16 17 18 19 20 21 22 23 24 25 26 27 28 29 30 31 32 33 34 35 36 37 38 39 40 41 42 43 44 45 46 47 48 49 50 51 52 53 54 55 56 57 58 59 60 61 62 63 64 65 66 67 68 69 70 71 72 73 74 75 76 77 78 79 80 81 82 83 84 85 86 87 88 89 90 91 92 93 94 95 96 97 98 99 100 101 102 103 104 105 106 107 108 109 110 111 112 113 114 115 116 117 118 119 120 121 122 123 124 125 126 127 128 129 130 131 132 133 134 135 136 137 138 139 140 141 142 143 144 145 146 147 148 149 150 151 152 153 154 155 156 157 158 159 160 161 162 163 164 165 166 167 168 169 170 171 172 173 174 175 176 177 178 179 180 181 182 183 184 185 186 187 188 189 190 191 192 193 194 195 196 197 198 199 200 201 202 203 204 205 206 207 208 209 210 211 212 213 214 215 216 217 218 219 220 221 222 223 224 225 226 227 228 229 230 231 232 233 234 235 236 237 238 239 240 241 242 243 244 245 246 247 248 249 250 251 252 253 254 255 256 257 258 259 260 261 262 263 264 265 266 267 268 269 270 271 272 273 274 275 276 277 278 279 280 281 282 283 284 285 286 287 288 289 290 291 292 293 294 295 296 297 298 299 300 301 302 303 304 305 306 307 308 309 310 311 312 313 314 315 316 317 318 319 320 321 322 323 324 325 326 327 328 329 330 331 332 333 334 335 336 337 338 339 340 341 342 343 344 345 346 347 348 349 350 351 352 353 354 355 356 357 358 359 360 361 362 363 364 365 366 367 368 369 370 371 372 373 374 375 376 377 378 379 380 381 382 383 384 385 386 387 388 389 390 391 392 393 394 395 396 397 398 399 400 401 402 403 404 405 406 407 408 409 410 411 412 413 414 415 416 417 418 419 420 421 422 423 424 425 426 427 428 429 430 431 432 433 434 435 436 437 438 439 440 441 442 443 444 445 446 447 448 449 450 451 452 453 454 455 456 457 458 459 460 461 462 463 464 465 466 467 468 469 470 


Grafo: 9, Numero de vertices: 388, Numero de arestas: 18770, Grau de conectividade sorteado: 25%
Raiz sorteada para a BFS: 181
BFS 9, Tempo: 0.0008730
DFS 9, Tempo: 0.0008410

Resultados BFS
Distancia 0:  181

Distancia 1:  1 3 8 9 15 18 20 24 35 37 42 46 58 60 61 62 68 74 77 78 91 94 105 107 113 114 116 117 124 127 129 133 134 135 136 146 147 151 154 155 160 168 174 176 178 180 182 188 189 191 194 195 196 197 198 200 205 206 209 210 216 217 218 224 225 227 232 234 235 246 255 258 260 262 267 270 276 279 281 293 306 311 312 315 316 317 331 335 342 343 351 353 361 362 363 364 365 368 370 372 375 382 387

Distancia 2:  0 2 4 5 6 7 10 11 12 13 14 16 17 19 21 22 23 25 26 27 28 29 30 31 32 33 34 36 38 39 40 41 43 44 45 47 48 49 50 51 52 53 54 55 56 57 59 63 64 65 66 67 69 70 71 72 73 75 76 79 80 81 82 83 84 85 86 87 88 89 90 92 93 95 96 97 98 99 100 101 102 103 104 106 108 109 110 111 112 115 118 119 120 121 122 123 125 126 128 130 131 132 137 138 139 140 141 142 143 144 145 148 149 150 152 153 156 157 158 159 161 162 163 164 165 166 167 169 170 171 172 173 175 177 179 183 184 185 186 187 190 192 193 199 201 202 203 204 207 208 211 212 213 214 215 219 220 221 222 223 226 228 229 230 231 233 236 237 238 239 240 241 242 243 244 245 247 248 249 250 251 252 253 254 256 257 259 261 263 264 265 266 268 269 271 272 273 274 275 277 278 280 282 283 284 285 286 287 288 289 290 291 292 294 295 296 297 298 299 300 301 302 303 304 305 307 308 309 310 313 314 318 319 320 321 322 323 324 325 326 327 328 329 330 332 333 334 336 337 338 339 340 341 344 345 346 347 348 349 350 352 354 355 356 357 358 359 360 366 367 369 371 373 374 376 377 378 379 380 381 383 384 385 386


Resultados DFS
0 1 2 3 4 5 6 7 8 9 10 11 12 13 14 15 16 17 18 19 20 21 22 23 24 25 26 27 28 29 30 31 32 33 34 35 36 37 38 39 40 41 42 43 44 45 46 47 48 49 50 51 52 53 54 55 56 57 58 59 60 61 62 63 64 65 66 67 68 69 70 71 72 73 74 75 76 77 78 79 80 81 82 83 84 85 86 87 88 89 90 91 92 93 94 95 96 97 98 99 100 101 102 103 104 105 106 107 108 109 110 111 112 113 114 115 116 117 118 119 120 121 122 123 124 125 126 127 128 129 130 131 132 133 134 135 136 137 138 139 140 141 142 143 144 145 146 147 148 149 150 151 152 153 154 155 156 157 158 159 160 161 162 163 164 165 166 167 168 169 170 171 172 173 174 175 176 177 178 179 180 181 182 183 184 185 186 187 188 189 190 191 192 193 194 195 196 197 198 199 200 201 202 203 204 205 206 207 208 209 210 211 212 213 214 215 216 217 218 219 220 221 222 223 224 225 226 227 228 229 230 231 232 233 234 235 236 237 238 239 240 241 242 243 244 245 246 247 248 249 250 251 252 253 254 255 256 257 258 259 260 261 262 263 264 265 266 267 268 269 270 271 272 273 274 275 276 277 278 279 280 281 282 283 284 285 286 287 288 289 290 291 292 293 294 295 296 297 298 299 300 301 302 303 304 305 306 307 308 309 310 311 312 313 314 315 316 317 318 319 320 321 322 323 324 325 326 327 328 329 330 331 332 333 334 335 336 337 338 339 340 341 342 343 344 345 346 347 348 349 350 351 352 353 354 355 356 357 358 359 360 361 362 363 364 365 366 367 368 369 370 371 372 373 374 375 376 377 378 379 380 381 382 383 384 385 386 387 


Grafo: 10, Numero de vertices: 407, Numero de arestas: 39658, Grau de conectividade sorteado: 48%
Raiz sorteada para a BFS: 46
BFS 10, Tempo: 0.0014430
DFS 10, Tempo: 0.0013800

Resultados BFS
Distancia 0:  46

Distancia 1:  1 2 3 5 6 9 11 12 14 16 17 20 23 26 31 33 35 36 37 40 44 45 47 49 50 52 54 55 62 65 68 70 72 75 77 79 80 83 84 91 96 97 101 104 107 109 110 111 113 114 117 119 120 123 124 126 127 128 129 135 136 138 141 144 145 149 150 152 153 155 157 160 161 162 163 169 170 174 175 179 184 186 188 189 190 191 193 194 196 200 203 204 205 207 209 210 211 212 215 217 218 221 226 229 230 231 232 236 237 239 240 242 249 250 255 258 261 263 264 266 267 270 274 277 278 280 283 286 291 292 294 297 299 301 302 304 305 306 308 310 324 325 326 331 332 333 338 339 340 341 342 343 345 346 347 349 351 355 356 357 358 361 364 369 370 377 378 381 384 385 386 387 388 390 391 393 395 396 397 398 399 401 405

Distancia 2:  0 4 7 8 10 13 15 18 19 21 22 24 25 27 28 29 30 32 34 38 39 41 42 43 48 51 53 56 57 58 59 60 61 63 64 66 67 69 71 73 74 76 78 81 82 85 86 87 88 89 90 92 93 94 95 98 99 100 102 103 105 106 108 112 115 116 118 121 122 125 130 131 132 133 134 137 139 140 142 143 146 147 148 151 154 156 158 159 164 165 166 167 168 171 172 173 176 177 178 180 181 182 183 185 187 192 195 197 198 199 201 202 206 208 213 214 216 219 220 222 223 224 225 227 228 233 234 235 238 241 243 244 245 246 247 248 251 252 253 254 256 257 259 260 262 265 268 269 271 272 273 275 276 279 281 282 284 285 287 288 289 290 293 295 296 298 300 303 307 309 311 312 313 314 315 316 317 318 319 320 321 322 323 327 328 329 330 334 335 336 337 344 348 350 352 353 354 359 360 362 363 365 366 367 368 371 372 373 374 375 376 379 380 382 383 389 392 394 400 402 403 404 406


Resultados DFS
0 1 2 3 4 5 6 7 8 9 10 11 12 13 14 15 16 17 18 19 20 21 22 23 24 25 26 27 28 29 30 31 32 33 34 35 36 37 38 39 40 41 42 43 44 45 46 47 48 49 50 51 52 53 54 55 56 57 58 59 60 61 62 63 64 65 66 67 68 69 70 71 72 73 74 75 76 77 78 79 80 81 82 83 84 85 86 87 88 89 90 91 92 93 94 95 96 97 98 99 100 101 102 103 104 105 106 107 108 109 110 111 112 113 114 115 116 117 118 119 120 121 122 123 124 125 126 127 128 129 130 131 132 133 134 135 136 137 138 139 140 141 142 143 144 145 146 147 148 149 150 151 152 153 154 155 156 157 158 159 160 161 162 163 164 165 166 167 168 169 170 171 172 173 174 175 176 177 178 179 180 181 182 183 184 185 186 187 188 189 190 191 192 193 194 195 196 197 198 199 200 201 202 203 204 205 206 207 208 209 210 211 212 213 214 215 216 217 218 219 220 221 222 223 224 225 226 227 228 229 230 231 232 233 234 235 236 237 238 239 240 241 242 243 244 245 246 247 248 249 250 251 252 253 254 255 256 257 258 259 260 261 262 263 264 265 266 267 268 269 270 271 272 273 274 275 276 277 278 279 280 281 282 283 284 285 286 287 288 289 290 291 292 293 294 295 296 297 298 299 300 301 302 303 304 305 306 307 308 309 310 311 312 313 314 315 316 317 318 319 320 321 322 323 324 325 326 327 328 329 330 331 332 333 334 335 336 337 338 339 340 341 342 343 344 345 346 347 348 349 350 351 352 353 354 355 356 357 358 359 360 361 362 363 364 365 366 367 368 369 370 371 372 373 374 375 376 377 378 379 380 381 382 383 384 385 386 387 388 389 390 391 392 393 394 395 396 397 398 399 400 401 402 403 404 405 406 


Grafo: 11, Numero de vertices: 354, Numero de arestas: 16245, Grau de conectividade sorteado: 26%
Raiz sorteada para a BFS: 193
BFS 11, Tempo: 0.0007660
DFS 11, Tempo: 0.0007520

Resultados BFS
Distancia 0:  193

Distancia 1:  0 6 11 14 18 24 25 26 41 47 56 60 63 69 71 72 78 79 80 82 83 85 86 87 89 101 102 107 115 117 121 122 127 129 140 142 143 145 151 156 162 168 172 177 178 179 180 181 182 184 189 192 194 195 196 197 203 205 209 211 216 217 224 226 227 230 231 232 239 244 246 255 257 260 263 267 271 272 275 276 278 281 283 286 287 291 295 296 301 302 305 315 318 321 324 340

Distancia 2:  1 2 3 4 5 7 8 9 10 12 13 15 16 17 19 20 21 22 23 27 28 29 30 31 32 33 34 35 36 37 38 39 40 42 43 44 45 46 48 49 50 51 52 53 54 55 57 58 59 61 62 64 65 66 67 68 70 73 74 75 76 77 81 84 88 90 91 92 93 94 95 96 97 98 99 100 103 104 105 106 108 109 110 111 112 113 114 116 118 119 120 123 124 125 126 128 130 131 132 133 134 135 136 137 138 139 141 144 146 147 148 149 150 152 153 154 155 157 158 159 160 161 163 164 165 166 167 169 170 171 173 174 175 176 183 185 186 187 188 190 191 198 199 200 201 202 204 206 207 208 210 212 213 214 215 218 219 220 221 222 223 225 228 229 233 234 235 236 237 238 240 241 242 243 245 247 248 249 250 251 252 253 254 256 258 259 261 262 264 265 266 268 269 270 273 274 277 279 280 282 284 285 288 289 290 292 293 294 297 298 299 300 303 304 306 307 308 309 310 311 312 313 314 316 317 319 320 322 323 325 326 327 328 329 330 331 332 333 334 335 336 337 338 339 341 342 343 344 345 346 347 348 349 350 351 352 353


Resultados DFS
0 1 2 3 4 5 6 7 8 9 10 11 12 13 14 15 16 17 18 19 20 21 22 23 24 25 26 27 28 29 30 31 32 33 34 35 36 37 38 39 40 41 42 43 44 45 46 47 48 49 50 51 52 53 54 55 56 57 58 59 60 61 62 63 64 65 66 67 68 69 70 71 72 73 74 75 76 77 78 79 80 81 82 83 84 85 86 87 88 89 90 91 92 93 94 95 96 97 98 99 100 101 102 103 104 105 106 107 108 109 110 111 112 113 114 115 116 117 118 119 120 121 122 123 124 125 126 127 128 129 130 131 132 133 134 135 136 137 138 139 140 141 142 143 144 145 146 147 148 149 150 151 152 153 154 155 156 157 158 159 160 161 162 163 164 165 166 167 168 169 170 171 172 173 174 175 176 177 178 179 180 181 182 183 184 185 186 187 188 189 190 191 192 193 194 195 196 197 198 199 200 201 202 203 204 205 206 207 208 209 210 211 212 213 214 215 216 217 218 219 220 221 222 223 224 225 226 227 228 229 230 231 232 233 234 235 236 237 238 239 240 241 242 243 244 245 246 247 248 249 250 251 252 253 254 255 256 257 258 259 260 261 262 263 264 265 266 267 268 269 270 271 272 273 274 275 276 277 278 279 280 281 282 283 284 285 286 287 288 289 290 291 292 293 294 295 296 297 298 299 300 301 302 303 304 305 306 307 308 309 310 311 312 313 314 315 316 317 318 319 320 321 322 323 324 325 326 327 328 329 330 331 332 333 334 335 336 337 338 339 340 341 342 343 344 345 346 347 348 349 350 351 352 353 


Grafo: 12, Numero de vertices: 433, Numero de arestas: 69211, Grau de conectividade sorteado: 74%
Raiz sorteada para a BFS: 60
BFS 12, Tempo: 0.0011730
DFS 12, Tempo: 0.0010940

Resultados BFS
Distancia 0:  60

Distancia 1:  0 1 2 5 6 7 8 9 10 11 13 15 17 18 19 21 22 23 24 25 26 27 28 30 32 34 35 36 37 38 40 41 42 43 45 49 51 52 53 55 57 59 61 62 63 64 65 66 67 68 69 70 71 73 75 77 78 79 82 83 84 85 86 87 89 90 91 92 93 94 95 96 98 99 100 101 102 103 106 107 108 109 112 114 115 117 118 120 121 123 124 125 126 127 128 129 132 134 135 136 138 139 140 141 142 143 144 147 148 149 150 151 152 155 156 157 158 159 160 161 162 164 166 167 169 170 171 172 173 176 177 179 181 184 185 186 187 188 189 190 193 194 196 197 198 200 201 202 203 204 206 207 210 211 212 213 214 215 216 218 219 221 222 223 224 225 226 229 230 231 232 233 234 235 236 237 238 239 240 242 244 245 246 247 248 249 250 251 252 254 255 256 257 258 259 260 262 263 264 265 266 267 268 269 270 271 272 274 275 276 278 279 280 281 282 283 284 285 286 288 289 291 293 294 295 299 300 302 303 304 305 307 308 309 311 312 314 315 318 319 320 321 322 324 325 326 327 328 329 330 331 332 333 334 335 337 338 339 340 342 344 346 347 348 349 350 351 352 353 354 356 357 358 359 360 361 362 363 364 365 366 367 368 369 370 371 372 373 374 375 376 377 380 382 384 385 386 387 388 390 391 392 395 396 397 398 399 400 401 402 403 406 407 408 409 410 412 413 414 416 418 419 420 421 423 424 426 427 429 431 432

Distancia 2:  3 4 12 14 16 20 29 31 33 39 44 46 47 48 50 54 56 58 72 74 76 80 81 88 97 104 105 110 111 113 116 119 122 130 131 133 137 145 146 153 154 163 165 168 174 175 178 180 182 183 191 192 195 199 205 208 209 217 220 227 228 241 243 253 261 273 277 287 290 292 296 297 298 301 306 310 313 316 317 323 336 341 343 345 355 378 379 381 383 389 393 394 404 405 411 415 417 422 425 428 430


Resultados DFS
0 1 2 3 4 5 6 7 8 9 10 11 12 13 14 15 16 17 18 19 20 21 22 23 24 25 26 27 28 29 30 31 32 33 34 35 36 37 38 39 40 41 42 43 44 45 46 47 48 49 50 51 52 53 54 55 56 57 58 59 60 61 62 63 64 65 66 67 68 69 70 71 72 73 74 75 76 77 78 79 80 81 82 83 84 85 86 87 88 89 90 91 92 93 94 95 96 97 98 99 100 101 102 103 104 105 106 107 108 109 110 111 112 113 114 115 116 117 118 119 120 121 122 123 124 125 126 127 128 129 130 131 132 133 134 135 136 137 138 139 140 141 142 143 144 145 146 147 148 149 150 151 152 153 154 155 156 157 158 159 160 161 162 163 164 165 166 167 168 169 170 171 172 173 174 175 176 177 178 179 180 181 182 183 184 185 186 187 188 189 190 191 192 193 194 195 196 197 198 199 200 201 202 203 204 205 206 207 208 209 210 211 212 213 214 215 216 217 218 219 220 221 222 223 224 225 226 227 228 229 230 231 232 233 234 235 236 237 238 239 240 241 242 243 244 245 246 247 248 249 250 251 252 253 254 255 256 257 258 259 260 261 262 263 264 265 266 267 268 269 270 271 272 273 274 275 276 277 278 279 280 281 282 283 284 285 286 287 288 289 290 291 292 293 294 295 296 297 298 299 300 301 302 303 304 305 306 307 308 309 310 311 312 313 314 315 316 317 318 319 320 321 322 323 324 325 326 327 328 329 330 331 332 333 334 335 336 337 338 339 340 341 342 343 344 345 346 347 348 349 350 351 352 353 354 355 356 357 358 359 360 361 362 363 364 365 366 367 368 369 370 371 372 373 374 375 376 377 378 379 380 381 382 383 384 385 386 387 388 389 390 391 392 393 394 395 396 397 398 399 400 401 402 403 404 405 406 407 408 409 410 411 412 413 414 415 416 417 418 419 420 421 422 423 424 425 426 427 428 429 430 431 432 


Grafo: 13, Numero de vertices: 426, Numero de arestas: 70610, Grau de conectividade sorteado: 78%
Raiz sorteada para a BFS: 393
BFS 13, Tempo: 0.0010030
DFS 13, Tempo: 0.0009580

Resultados BFS
Distancia 0:  393

Distancia 1:  1 2 6 7 8 9 11 12 13 14 15 17 18 19 20 22 23 24 25 26 27 28 29 30 32 33 34 36 37 38 39 40 42 43 44 45 46 47 48 49 50 52 53 55 56 57 58 59 60 61 63 64 65 66 68 69 70 71 72 74 76 77 78 80 81 83 84 85 86 87 88 89 90 91 93 95 96 99 100 102 103 104 106 107 108 109 110 111 112 113 116 117 118 119 120 121 122 123 124 125 127 128 130 131 133 134 136 137 138 139 140 142 143 144 145 146 147 148 149 150 153 154 157 158 160 161 162 163 164 165 166 167 168 169 170 171 172 173 175 176 177 178 179 181 182 183 184 185 186 189 190 191 193 194 195 196 197 198 199 200 201 202 203 204 205 206 207 208 209 210 211 212 213 217 219 220 221 222 223 224 226 227 228 230 231 232 233 234 235 236 237 239 241 242 243 245 246 247 248 249 250 251 252 253 256 257 258 261 262 263 264 265 266 268 270 271 274 275 276 278 280 281 282 287 288 289 290 292 293 294 295 296 297 298 299 301 302 303 304 305 306 309 312 314 316 317 318 319 320 321 322 323 326 327 328 329 330 331 333 334 335 336 337 339 340 341 342 345 347 348 349 350 351 352 353 354 356 359 360 362 365 366 367 368 370 371 372 373 374 375 376 377 378 380 381 382 384 385 386 389 391 392 394 395 397 398 399 400 401 402 403 404 406 408 409 410 411 412 413 414 415 416 417 418 421 423 424 425

Distancia 2:  0 3 4 5 10 16 21 31 35 41 51 54 62 67 73 75 79 82 92 94 97 98 101 105 114 115 126 129 132 135 141 151 152 155 156 159 174 180 187 188 192 214 215 216 218 225 229 238 240 244 254 255 259 260 267 269 272 273 277 279 283 284 285 286 291 300 307 308 310 311 313 315 324 325 332 338 343 344 346 355 357 358 361 363 364 369 379 383 387 388 390 396 405 407 419 420 422


Resultados DFS
0 1 2 3 4 5 6 7 8 9 10 11 12 13 14 15 16 17 18 19 20 21 22 23 24 25 26 27 28 29 30 31 32 33 34 35 36 37 38 39 40 41 42 43 44 45 46 47 48 49 50 51 52 53 54 55 56 57 58 59 60 61 62 63 64 65 66 67 68 69 70 71 72 73 74 75 76 77 78 79 80 81 82 83 84 85 86 87 88 89 90 91 92 93 94 95 96 97 98 99 100 101 102 103 104 105 106 107 108 109 110 111 112 113 114 115 116 117 118 119 120 121 122 123 124 125 126 127 128 129 130 131 132 133 134 135 136 137 138 139 140 141 142 143 144 145 146 147 148 149 150 151 152 153 154 155 156 157 158 159 160 161 162 163 164 165 166 167 168 169 170 171 172 173 174 175 176 177 178 179 180 181 182 183 184 185 186 187 188 189 190 191 192 193 194 195 196 197 198 199 200 201 202 203 204 205 206 207 208 209 210 211 212 213 214 215 216 217 218 219 220 221 222 223 224 225 226 227 228 229 230 231 232 233 234 235 236 237 238 239 240 241 242 243 244 245 246 247 248 249 250 251 252 253 254 255 256 257 258 259 260 261 262 263 264 265 266 267 268 269 270 271 272 273 274 275 276 277 278 279 280 281 282 283 284 285 286 287 288 289 290 291 292 293 294 295 296 297 298 299 300 301 302 303 304 305 306 307 308 309 310 311 312 313 314 315 316 317 318 319 320 321 322 323 324 325 326 327 328 329 330 331 332 333 334 335 336 337 338 339 340 341 342 343 344 345 346 347 348 349 350 351 352 353 354 355 356 357 358 359 360 361 362 363 364 365 366 367 368 369 370 371 372 373 374 375 376 377 378 379 380 381 382 383 384 385 386 387 388 389 390 391 392 393 394 395 396 397 398 399 400 401 402 403 404 405 406 407 408 409 410 411 412 413 414 415 416 417 418 419 420 421 422 423 424 425 


Grafo: 14, Numero de vertices: 477, Numero de arestas: 84009, Grau de conectividade sorteado: 74%
Raiz sorteada para a BFS: 316
BFS 14, Tempo: 0.0013920
DFS 14, Tempo: 0.0013150

Resultados BFS
Distancia 0:  316

Distancia 1:  0 1 2 3 4 6 7 8 10 12 13 16 17 20 21 22 23 24 25 26 27 28 30 31 32 33 34 36 37 38 39 40 41 42 43 45 46 47 49 52 53 54 56 57 59 63 64 65 66 67 68 70 71 73 74 76 77 78 80 81 82 85 86 87 89 90 91 92 96 97 99 100 101 102 103 104 105 106 107 108 109 110 113 115 116 117 118 119 121 124 125 126 127 128 129 130 132 133 134 135 136 137 139 141 142 143 144 145 147 148 149 150 151 152 153 154 155 156 157 158 159 161 162 165 166 169 170 173 176 177 180 181 182 183 185 188 189 193 194 195 196 197 198 199 200 201 202 203 204 205 206 207 211 212 214 217 218 219 220 221 223 224 225 226 227 228 229 230 231 232 233 235 236 237 238 241 242 243 244 245 246 247 248 249 250 253 254 256 257 258 259 260 261 262 263 264 265 266 269 270 271 272 273 276 277 278 279 280 281 282 283 284 286 287 290 292 293 294 295 296 297 298 299 303 304 305 306 308 309 311 313 314 315 317 319 320 322 323 324 325 327 329 331 332 333 334 335 336 337 338 340 342 344 346 347 348 350 352 354 355 356 357 359 362 363 364 366 369 371 372 373 374 375 376 379 380 383 384 385 386 387 390 391 392 393 394 395 396 397 399 400 402 403 404 405 406 407 408 409 410 411 413 414 415 417 422 425 426 427 429 430 431 432 434 436 437 438 440 441 442 445 446 447 448 449 450 452 453 454 456 457 458 459 461 462 464 465 467 468 469 470 471 473 474 475

Distancia 2:  5 9 11 14 15 18 19 29 35 44 48 50 51 55 58 60 61 62 69 72 75 79 83 84 88 93 94 95 98 111 112 114 120 122 123 131 138 140 146 160 163 164 167 168 171 172 174 175 178 179 184 186 187 190 191 192 208 209 210 213 215 216 222 234 239 240 251 252 255 267 268 274 275 285 288 289 291 300 301 302 307 310 312 318 321 326 328 330 339 341 343 345 349 351 353 358 360 361 365 367 368 370 377 378 381 382 388 389 398 401 412 416 418 419 420 421 423 424 428 433 435 439 443 444 451 455 460 463 466 472 476


Resultados DFS
0 1 2 3 4 5 6 7 8 9 10 11 12 13 14 15 16 17 18 19 20 21 22 23 24 25 26 27 28 29 30 31 32 33 34 35 36 37 38 39 40 41 42 43 44 45 46 47 48 49 50 51 52 53 54 55 56 57 58 59 60 61 62 63 64 65 66 67 68 69 70 71 72 73 74 75 76 77 78 79 80 81 82 83 84 85 86 87 88 89 90 91 92 93 94 95 96 97 98 99 100 101 102 103 104 105 106 107 108 109 110 111 112 113 114 115 116 117 118 119 120 121 122 123 124 125 126 127 128 129 130 131 132 133 134 135 136 137 138 139 140 141 142 143 144 145 146 147 148 149 150 151 152 153 154 155 156 157 158 159 160 161 162 163 164 165 166 167 168 169 170 171 172 173 174 175 176 177 178 179 180 181 182 183 184 185 186 187 188 189 190 191 192 193 194 195 196 197 198 199 200 201 202 203 204 205 206 207 208 209 210 211 212 213 214 215 216 217 218 219 220 221 222 223 224 225 226 227 228 229 230 231 232 233 234 235 236 237 238 239 240 241 242 243 244 245 246 247 248 249 250 251 252 253 254 255 256 257 258 259 260 261 262 263 264 265 266 267 268 269 270 271 272 273 274 275 276 277 278 279 280 281 282 283 284 285 286 287 288 289 290 291 292 293 294 295 296 297 298 299 300 301 302 303 304 305 306 307 308 309 310 311 312 313 314 315 316 317 318 319 320 321 322 323 324 325 326 327 328 329 330 331 332 333 334 335 336 337 338 339 340 341 342 343 344 345 346 347 348 349 350 351 352 353 354 355 356 357 358 359 360 361 362 363 364 365 366 367 368 369 370 371 372 373 374 375 376 377 378 379 380 381 382 383 384 385 386 387 388 389 390 391 392 393 394 395 396 397 398 399 400 401 402 403 404 405 406 407 408 409 410 411 412 413 414 415 416 417 418 419 420 421 422 423 424 425 426 427 428 429 430 431 432 433 434 435 436 437 438 439 440 441 442 443 444 445 446 447 448 449 450 451 452 453 454 455 456 457 458 459 460 461 462 463 464 465 466 467 468 469 470 471 472 473 474 475 476 


Grafo: 15, Numero de vertices: 411, Numero de arestas: 24434, Grau de conectividade sorteado: 29%
Raiz sorteada para a BFS: 162
BFS 15, Tempo: 0.0010780
DFS 15, Tempo: 0.0010520

Resultados BFS
Distancia 0:  162

Distancia 1:  6 10 17 21 24 25 29 30 31 35 40 44 45 48 49 50 54 55 56 57 60 69 75 81 83 85 87 88 90 91 93 95 98 103 104 106 108 110 115 117 118 120 121 125 126 129 130 133 137 138 139 140 142 145 153 158 161 163 167 170 172 173 174 175 177 180 186 195 196 199 200 202 203 210 211 213 214 219 220 223 226 232 239 246 248 250 254 256 266 268 269 270 272 275 295 299 302 305 306 308 313 315 320 323 324 329 330 332 333 335 336 342 348 349 350 359 362 363 364 366 377 378 380 381 383 385 389 390 394 410

Distancia 2:  0 1 2 3 4 5 7 8 9 11 12 13 14 15 16 18 19 20 22 23 26 27 28 32 33 34 36 37 38 39 41 42 43 46 47 51 52 53 58 59 61 62 63 64 65 66 67 68 70 71 72 73 74 76 77 78 79 80 82 84 86 89 92 94 96 97 99 100 101 102 105 107 109 111 112 113 114 116 119 122 123 124 127 128 131 132 134 135 136 141 143 144 146 147 148 149 150 151 152 154 155 156 157 159 160 164 165 166 168 169 171 176 178 179 181 182 183 184 185 187 188 189 190 191 192 193 194 197 198 201 204 205 206 207 208 209 212 215 216 217 218 221 222 224 225 227 228 229 230 231 233 234 235 236 237 238 240 241 242 243 244 245 247 249 251 252 253 255 257 258 259 260 261 262 263 264 265 267 271 273 274 276 277 278 279 280 281 282 283 284 285 286 287 288 289 290 291 292 293 294 296 297 298 300 301 303 304 307 309 310 311 312 314 316 317 318 319 321 322 325 326 327 328 331 334 337 338 339 340 341 343 344 345 346 347 351 352 353 354 355 356 357 358 360 361 365 367 368 369 370 371 372 373 374 375 376 379 382 384 386 387 388 391 392 393 395 396 397 398 399 400 401 402 403 404 405 406 407 408 409


Resultados DFS
0 1 2 3 4 5 6 7 8 9 10 11 12 13 14 15 16 17 18 19 20 21 22 23 24 25 26 27 28 29 30 31 32 33 34 35 36 37 38 39 40 41 42 43 44 45 46 47 48 49 50 51 52 53 54 55 56 57 58 59 60 61 62 63 64 65 66 67 68 69 70 71 72 73 74 75 76 77 78 79 80 81 82 83 84 85 86 87 88 89 90 91 92 93 94 95 96 97 98 99 100 101 102 103 104 105 106 107 108 109 110 111 112 113 114 115 116 117 118 119 120 121 122 123 124 125 126 127 128 129 130 131 132 133 134 135 136 137 138 139 140 141 142 143 144 145 146 147 148 149 150 151 152 153 154 155 156 157 158 159 160 161 162 163 164 165 166 167 168 169 170 171 172 173 174 175 176 177 178 179 180 181 182 183 184 185 186 187 188 189 190 191 192 193 194 195 196 197 198 199 200 201 202 203 204 205 206 207 208 209 210 211 212 213 214 215 216 217 218 219 220 221 222 223 224 225 226 227 228 229 230 231 232 233 234 235 236 237 238 239 240 241 242 243 244 245 246 247 248 249 250 251 252 253 254 255 256 257 258 259 260 261 262 263 264 265 266 267 268 269 270 271 272 273 274 275 276 277 278 279 280 281 282 283 284 285 286 287 288 289 290 291 292 293 294 295 296 297 298 299 300 301 302 303 304 305 306 307 308 309 310 311 312 313 314 315 316 317 318 319 320 321 322 323 324 325 326 327 328 329 330 331 332 333 334 335 336 337 338 339 340 341 342 343 344 345 346 347 348 349 350 351 352 353 354 355 356 357 358 359 360 361 362 363 364 365 366 367 368 369 370 371 372 373 374 375 376 377 378 379 380 381 382 383 384 385 386 387 388 389 390 391 392 393 394 395 396 397 398 399 400 401 402 403 404 405 406 407 408 409 410 


Grafo: 16, Numero de vertices: 372, Numero de arestas: 17942, Grau de conectividade sorteado: 26%
Raiz sorteada para a BFS: 266
BFS 16, Tempo: 0.0008250
DFS 16, Tempo: 0.0007910

Resultados BFS
Distancia 0:  266

Distancia 1:  0 4 6 7 11 13 14 19 26 31 35 37 47 50 56 57 64 67 69 72 75 76 84 85 93 95 97 102 104 106 107 108 111 118 119 124 126 127 137 151 154 157 159 161 174 177 185 191 202 205 207 213 217 218 223 224 227 230 231 233 235 238 242 243 250 252 253 257 259 265 267 269 273 278 279 282 284 287 290 295 302 306 307 309 313 319 322 323 326 328 329 330 331 335 337 339 343 350 354 358 363 368 369

Distancia 2:  1 2 3 5 8 9 10 12 15 16 17 18 20 21 22 23 24 25 27 28 29 30 32 33 34 36 38 39 40 41 42 43 44 45 46 48 49 51 52 53 54 55 58 59 60 61 62 63 65 66 68 70 71 73 74 77 78 79 80 81 82 83 86 87 88 89 90 91 92 94 96 98 99 100 101 103 105 109 110 112 113 114 115 116 117 120 121 122 123 125 128 129 130 131 132 133 134 135 136 138 139 140 141 142 143 144 145 146 147 148 149 150 152 153 155 156 158 160 162 163 164 165 166 167 168 169 170 171 172 173 175 176 178 179 180 181 182 183 184 186 187 188 189 190 192 193 194 195 196 197 198 199 200 201 203 204 206 208 209 210 211 212 214 215 216 219 220 221 222 225 226 228 229 232 234 236 237 239 240 241 244 245 246 247 248 249 251 254 255 256 258 260 261 262 263 264 268 270 271 272 274 275 276 277 280 281 283 285 286 288 289 291 292 293 294 296 297 298 299 300 301 303 304 305 308 310 311 312 314 315 316 317 318 320 321 324 325 327 332 333 334 336 338 340 341 342 344 345 346 347 348 349 351 352 353 355 356 357 359 360 361 362 364 365 366 367 370 371


Resultados DFS
0 1 2 3 4 5 6 7 8 9 10 11 12 13 14 15 16 17 18 19 20 21 22 23 24 25 26 27 28 29 30 31 32 33 34 35 36 37 38 39 40 41 42 43 44 45 46 47 48 49 50 51 52 53 54 55 56 57 58 59 60 61 62 63 64 65 66 67 68 69 70 71 72 73 74 75 76 77 78 79 80 81 82 83 84 85 86 87 88 89 90 91 92 93 94 95 96 97 98 99 100 101 102 103 104 105 106 107 108 109 110 111 112 113 114 115 116 117 118 119 120 121 122 123 124 125 126 127 128 129 130 131 132 133 134 135 136 137 138 139 140 141 142 143 144 145 146 147 148 149 150 151 152 153 154 155 156 157 158 159 160 161 162 163 164 165 166 167 168 169 170 171 172 173 174 175 176 177 178 179 180 181 182 183 184 185 186 187 188 189 190 191 192 193 194 195 196 197 198 199 200 201 202 203 204 205 206 207 208 209 210 211 212 213 214 215 216 217 218 219 220 221 222 223 224 225 226 227 228 229 230 231 232 233 234 235 236 237 238 239 240 241 242 243 244 245 246 247 248 249 250 251 252 253 254 255 256 257 258 259 260 261 262 263 264 265 266 267 268 269 270 271 272 273 274 275 276 277 278 279 280 281 282 283 284 285 286 287 288 289 290 291 292 293 294 295 296 297 298 299 300 301 302 303 304 305 306 307 308 309 310 311 312 313 314 315 316 317 318 319 320 321 322 323 324 325 326 327 328 329 330 331 332 333 334 335 336 337 338 339 340 341 342 343 344 345 346 347 348 349 350 351 352 353 354 355 356 357 358 359 360 361 362 363 364 365 366 367 368 369 370 371 


Grafo: 17, Numero de vertices: 403, Numero de arestas: 21061, Grau de conectividade sorteado: 26%
Raiz sorteada para a BFS: 266
BFS 17, Tempo: 0.0009590
DFS 17, Tempo: 0.0009320

Resultados BFS
Distancia 0:  266

Distancia 1:  2 4 11 14 16 18 20 21 22 23 28 35 37 38 39 45 46 51 53 55 59 63 64 70 72 73 83 84 86 88 92 93 96 107 109 111 112 118 120 122 127 131 133 140 148 165 170 176 177 197 198 200 203 205 211 213 216 218 225 230 231 232 236 238 242 244 251 252 253 265 267 278 280 285 297 302 304 306 308 317 318 322 324 337 346 347 348 350 354 362 367 374 383 388 393

Distancia 2:  0 1 3 5 6 7 8 9 10 12 13 15 17 19 24 25 26 27 29 30 31 32 33 34 36 40 41 42 43 44 47 48 49 50 52 54 56 57 58 60 61 62 65 66 67 68 69 71 74 75 76 77 78 79 80 81 82 85 87 89 90 91 94 95 97 98 99 100 101 102 103 104 105 106 108 110 113 114 115 116 117 119 121 123 124 125 126 128 129 130 132 134 135 136 137 138 139 141 142 143 144 145 146 147 149 150 151 152 153 154 155 156 157 158 159 160 161 162 163 164 166 167 168 169 171 172 173 174 175 178 179 180 181 182 183 184 185 186 187 188 189 190 191 192 193 194 195 196 199 201 202 204 206 207 208 209 210 212 214 215 217 219 220 221 222 223 224 226 227 228 229 233 234 235 237 239 240 241 243 245 246 247 248 249 250 254 255 256 257 258 259 260 261 262 263 264 268 269 270 271 272 273 274 275 276 277 279 281 282 283 284 286 287 288 289 290 291 292 293 294 295 296 298 299 300 301 303 305 307 309 310 311 312 313 314 315 316 319 320 321 323 325 326 327 328 329 330 331 332 333 334 335 336 338 339 340 341 342 343 344 345 349 351 352 353 355 356 357 358 359 360 361 363 364 365 366 368 369 370 371 372 373 375 376 377 378 379 380 381 382 384 385 386 387 389 390 391 392 394 395 396 397 398 399 400 401 402


Resultados DFS
0 1 2 3 4 5 6 7 8 9 10 11 12 13 14 15 16 17 18 19 20 21 22 23 24 25 26 27 28 29 30 31 32 33 34 35 36 37 38 39 40 41 42 43 44 45 46 47 48 49 50 51 52 53 54 55 56 57 58 59 60 61 62 63 64 65 66 67 68 69 70 71 72 73 74 75 76 77 78 79 80 81 82 83 84 85 86 87 88 89 90 91 92 93 94 95 96 97 98 99 100 101 102 103 104 105 106 107 108 109 110 111 112 113 114 115 116 117 118 119 120 121 122 123 124 125 126 127 128 129 130 131 132 133 134 135 136 137 138 139 140 141 142 143 144 145 146 147 148 149 150 151 152 153 154 155 156 157 158 159 160 161 162 163 164 165 166 167 168 169 170 171 172 173 174 175 176 177 178 179 180 181 182 183 184 185 186 187 188 189 190 191 192 193 194 195 196 197 198 199 200 201 202 203 204 205 206 207 208 209 210 211 212 213 214 215 216 217 218 219 220 221 222 223 224 225 226 227 228 229 230 231 232 233 234 235 236 237 238 239 240 241 242 243 244 245 246 247 248 249 250 251 252 253 254 255 256 257 258 259 260 261 262 263 264 265 266 267 268 269 270 271 272 273 274 275 276 277 278 279 280 281 282 283 284 285 286 287 288 289 290 291 292 293 294 295 296 297 298 299 300 301 302 303 304 305 306 307 308 309 310 311 312 313 314 315 316 317 318 319 320 321 322 323 324 325 326 327 328 329 330 331 332 333 334 335 336 337 338 339 340 341 342 343 344 345 346 347 348 349 350 351 352 353 354 355 356 357 358 359 360 361 362 363 364 365 366 367 368 369 370 371 372 373 374 375 376 377 378 379 380 381 382 383 384 385 386 387 388 389 390 391 392 393 394 395 396 397 398 399 400 401 402 


Grafo: 18, Numero de vertices: 410, Numero de arestas: 59530, Grau de conectividade sorteado: 71%
Raiz sorteada para a BFS: 170
BFS 18, Tempo: 0.0011910
DFS 18, Tempo: 0.0010410

Resultados BFS
Distancia 0:  170

Distancia 1:  0 1 2 4 5 6 7 10 11 12 13 15 16 17 19 20 21 22 23 24 26 29 30 31 32 34 35 36 37 41 42 43 44 45 46 48 49 51 53 54 56 59 60 66 68 69 71 72 73 74 76 77 78 79 81 82 84 85 86 87 88 89 90 91 92 93 94 95 96 99 100 101 102 104 105 107 108 109 110 111 113 115 116 119 120 122 123 124 125 126 127 130 131 132 133 135 136 137 138 139 140 141 142 143 144 145 146 147 148 150 152 153 154 156 157 158 159 160 161 163 164 165 166 167 168 169 171 172 174 175 176 177 180 182 183 184 185 186 187 188 191 192 194 195 197 198 199 200 201 202 203 205 206 208 209 212 215 216 218 219 220 221 222 223 224 225 226 227 229 230 232 233 234 235 237 239 242 244 245 246 247 248 249 250 251 252 255 256 257 258 260 263 265 266 268 269 270 271 272 274 275 277 278 281 282 283 284 287 288 289 290 291 292 293 295 296 298 299 300 301 303 304 305 306 308 309 310 311 312 313 316 319 322 323 324 325 326 327 328 329 330 331 332 333 334 336 338 339 340 341 343 344 346 349 350 351 352 353 354 355 356 357 358 359 360 361 362 364 365 366 369 370 371 372 373 374 376 377 379 380 382 383 384 386 387 388 389 390 391 392 393 396 397 398 400 401 403 404 405 406 407 408 409

Distancia 2:  3 8 9 14 18 25 27 28 33 38 39 40 47 50 52 55 57 58 61 62 63 64 65 67 70 75 80 83 97 98 103 106 112 114 117 118 121 128 129 134 149 151 155 162 173 178 179 181 189 190 193 196 204 207 210 211 213 214 217 228 231 236 238 240 241 243 253 254 259 261 262 264 267 273 276 279 280 285 286 294 297 302 307 314 315 317 318 320 321 335 337 342 345 347 348 363 367 368 375 378 381 385 394 395 399 402


Resultados DFS
0 1 2 3 4 5 6 7 8 9 10 11 12 13 14 15 16 17 18 19 20 21 22 23 24 25 26 27 28 29 30 31 32 33 34 35 36 37 38 39 40 41 42 43 44 45 46 47 48 49 50 51 52 53 54 55 56 57 58 59 60 61 62 63 64 65 66 67 68 69 70 71 72 73 74 75 76 77 78 79 80 81 82 83 84 85 86 87 88 89 90 91 92 93 94 95 96 97 98 99 100 101 102 103 104 105 106 107 108 109 110 111 112 113 114 115 116 117 118 119 120 121 122 123 124 125 126 127 128 129 130 131 132 133 134 135 136 137 138 139 140 141 142 143 144 145 146 147 148 149 150 151 152 153 154 155 156 157 158 159 160 161 162 163 164 165 166 167 168 169 170 171 172 173 174 175 176 177 178 179 180 181 182 183 184 185 186 187 188 189 190 191 192 193 194 195 196 197 198 199 200 201 202 203 204 205 206 207 208 209 210 211 212 213 214 215 216 217 218 219 220 221 222 223 224 225 226 227 228 229 230 231 232 233 234 235 236 237 238 239 240 241 242 243 244 245 246 247 248 249 250 251 252 253 254 255 256 257 258 259 260 261 262 263 264 265 266 267 268 269 270 271 272 273 274 275 276 277 278 279 280 281 282 283 284 285 286 287 288 289 290 291 292 293 294 295 296 297 298 299 300 301 302 303 304 305 306 307 308 309 310 311 312 313 314 315 316 317 318 319 320 321 322 323 324 325 326 327 328 329 330 331 332 333 334 335 336 337 338 339 340 341 342 343 344 345 346 347 348 349 350 351 352 353 354 355 356 357 358 359 360 361 362 363 364 365 366 367 368 369 370 371 372 373 374 375 376 377 378 379 380 381 382 383 384 385 386 387 388 389 390 391 392 393 394 395 396 397 398 399 400 401 402 403 404 405 406 407 408 409 


Grafo: 19, Numero de vertices: 342, Numero de arestas: 27406, Grau de conectividade sorteado: 47%
Raiz sorteada para a BFS: 96
BFS 19, Tempo: 0.0010230
DFS 19, Tempo: 0.0009780

Resultados BFS
Distancia 0:  96

Distancia 1:  4 5 8 11 12 14 18 19 26 28 32 33 38 42 43 45 47 49 52 53 55 58 59 60 65 66 70 72 73 75 77 80 81 84 88 91 95 97 98 100 103 104 106 108 109 113 115 116 117 118 119 125 127 130 132 134 135 137 139 141 144 145 148 149 150 153 154 157 159 161 162 163 166 167 168 169 171 180 181 183 184 187 191 196 198 201 205 206 207 209 210 212 214 215 216 219 222 224 226 227 230 232 233 236 237 238 239 240 244 246 253 257 258 259 260 262 263 266 269 270 275 277 279 282 283 285 287 288 290 293 296 298 306 308 311 313 315 316 317 319 320 322 325 326 327 330 332 334 336 337 338

Distancia 2:  0 1 2 3 6 7 9 10 13 15 16 17 20 21 22 23 24 25 27 29 30 31 34 35 36 37 39 40 41 44 46 48 50 51 54 56 57 61 62 63 64 67 68 69 71 74 76 78 79 82 83 85 86 87 89 90 92 93 94 99 101 102 105 107 110 111 112 114 120 121 122 123 124 126 128 129 131 133 136 138 140 142 143 146 147 151 152 155 156 158 160 164 165 170 172 173 174 175 176 177 178 179 182 185 186 188 189 190 192 193 194 195 197 199 200 202 203 204 208 211 213 217 218 220 221 223 225 228 229 231 234 235 241 242 243 245 247 248 249 250 251 252 254 255 256 261 264 265 267 268 271 272 273 274 276 278 280 281 284 286 289 291 292 294 295 297 299 300 301 302 303 304 305 307 309 310 312 314 318 321 323 324 328 329 331 333 335 339 340 341


Resultados DFS
0 1 2 3 4 5 6 7 8 9 10 11 12 13 14 15 16 17 18 19 20 21 22 23 24 25 26 27 28 29 30 31 32 33 34 35 36 37 38 39 40 41 42 43 44 45 46 47 48 49 50 51 52 53 54 55 56 57 58 59 60 61 62 63 64 65 66 67 68 69 70 71 72 73 74 75 76 77 78 79 80 81 82 83 84 85 86 87 88 89 90 91 92 93 94 95 96 97 98 99 100 101 102 103 104 105 106 107 108 109 110 111 112 113 114 115 116 117 118 119 120 121 122 123 124 125 126 127 128 129 130 131 132 133 134 135 136 137 138 139 140 141 142 143 144 145 146 147 148 149 150 151 152 153 154 155 156 157 158 159 160 161 162 163 164 165 166 167 168 169 170 171 172 173 174 175 176 177 178 179 180 181 182 183 184 185 186 187 188 189 190 191 192 193 194 195 196 197 198 199 200 201 202 203 204 205 206 207 208 209 210 211 212 213 214 215 216 217 218 219 220 221 222 223 224 225 226 227 228 229 230 231 232 233 234 235 236 237 238 239 240 241 242 243 244 245 246 247 248 249 250 251 252 253 254 255 256 257 258 259 260 261 262 263 264 265 266 267 268 269 270 271 272 273 274 275 276 277 278 279 280 281 282 283 284 285 286 287 288 289 290 291 292 293 294 295 296 297 298 299 300 301 302 303 304 305 306 307 308 309 310 311 312 313 314 315 316 317 318 319 320 321 322 323 324 325 326 327 328 329 330 331 332 333 334 335 336 337 338 339 340 341 


Grafo: 20, Numero de vertices: 339, Numero de arestas: 30364, Grau de conectividade sorteado: 53%
Raiz sorteada para a BFS: 78
BFS 20, Tempo: 0.0010040
DFS 20, Tempo: 0.0009550

Resultados BFS
Distancia 0:  78

Distancia 1:  1 3 13 14 15 16 20 21 22 23 24 25 27 28 29 31 32 35 37 39 40 41 42 44 46 51 54 55 56 57 58 59 60 64 65 66 69 70 71 73 74 77 79 80 81 82 85 86 88 90 91 92 93 94 95 96 100 101 103 104 105 106 107 108 109 111 113 117 118 119 121 124 126 127 128 129 130 131 135 136 137 139 140 142 144 147 148 150 151 153 157 158 159 160 166 167 169 170 174 176 178 179 182 184 185 187 188 190 193 194 195 196 205 206 209 210 216 217 219 220 221 222 223 226 227 228 231 232 233 235 236 238 239 240 243 252 253 254 255 256 258 260 261 264 266 267 268 269 270 271 272 273 274 276 278 283 285 289 291 292 294 295 298 299 300 301 304 305 306 307 308 309 310 315 316 317 318 321 322 323 324 325 328 329 331 333 335 338

Distancia 2:  0 2 4 5 6 7 8 9 10 11 12 17 18 19 26 30 33 34 36 38 43 45 47 48 49 50 52 53 61 62 63 67 68 72 75 76 83 84 87 89 97 98 99 102 110 112 114 115 116 120 122 123 125 132 133 134 138 141 143 145 146 149 152 154 155 156 161 162 163 164 165 168 171 172 173 175 177 180 181 183 186 189 191 192 197 198 199 200 201 202 203 204 207 208 211 212 213 214 215 218 224 225 229 230 234 237 241 242 244 245 246 247 248 249 250 251 257 259 262 263 265 275 277 279 280 281 282 284 286 287 288 290 293 296 297 302 303 311 312 313 314 319 320 326 327 330 332 334 336 337


Resultados DFS
0 1 2 3 4 5 6 7 8 9 10 11 12 13 14 15 16 17 18 19 20 21 22 23 24 25 26 27 28 29 30 31 32 33 34 35 36 37 38 39 40 41 42 43 44 45 46 47 48 49 50 51 52 53 54 55 56 57 58 59 60 61 62 63 64 65 66 67 68 69 70 71 72 73 74 75 76 77 78 79 80 81 82 83 84 85 86 87 88 89 90 91 92 93 94 95 96 97 98 99 100 101 102 103 104 105 106 107 108 109 110 111 112 113 114 115 116 117 118 119 120 121 122 123 124 125 126 127 128 129 130 131 132 133 134 135 136 137 138 139 140 141 142 143 144 145 146 147 148 149 150 151 152 153 154 155 156 157 158 159 160 161 162 163 164 165 166 167 168 169 170 171 172 173 174 175 176 177 178 179 180 181 182 183 184 185 186 187 188 189 190 191 192 193 194 195 196 197 198 199 200 201 202 203 204 205 206 207 208 209 210 211 212 213 214 215 216 217 218 219 220 221 222 223 224 225 226 227 228 229 230 231 232 233 234 235 236 237 238 239 240 241 242 243 244 245 246 247 248 249 250 251 252 253 254 255 256 257 258 259 260 261 262 263 264 265 266 267 268 269 270 271 272 273 274 275 276 277 278 279 280 281 282 283 284 285 286 287 288 289 290 291 292 293 294 295 296 297 298 299 300 301 302 303 304 305 306 307 308 309 310 311 312 313 314 315 316 317 318 319 320 321 322 323 324 325 326 327 328 329 330 331 332 333 334 335 336 337 338 


Media de tempo da BFS: 0.0011334
Media de tempo da DFS: 0.0010651


-----------------------QUARTA QUESTAO----------------------
===============================================================
Mostrar a sequencia de vertices vistados a partir de uma origem na qual todos os vertices sao visitados sem repeticao

Grafo: 1, Numero de vertices: 6, Numero de arestas: 11, Grau de conectividade sorteado: 75%
Raiz escolhida: 0

    0   1   2   3   4   5
------------------------------
0|   0   1   1   1   0   1   

1|   1   0   1   1   0   0   

2|   1   1   0   1   0   1   

3|   1   1   1   0   1   1   

4|   0   0   0   1   0   1   

5|   1   0   1   1   1   0   




0 1 2 3 4 5 
0 1 2 3 5 4 
0 1 2 5 3 4 
0 1 2 5 4 3 
0 1 3 2 5 4 
0 1 3 4 5 2 
0 1 3 5 2 
0 1 3 5 4 
0 2 1 3 4 5 
0 2 1 3 5 4 
0 2 3 1 
0 2 3 4 5 
0 2 3 5 4 
0 2 5 3 1 
0 2 5 3 4 
0 2 5 4 3 1 
0 3 1 2 5 4 
0 3 2 1 
0 3 2 5 4 
0 3 4 5 2 1 
0 3 5 2 1 
0 3 5 4 
0 5 2 1 3 4 
0 5 2 3 1 
0 5 2 3 4 
0 5 3 1 2 
0 5 3 2 1 
0 5 3 4 
0 5 4 3 1 2 
0 5 4 3 2 1 

-----------------------QUINTA QUESTAO----------------------
===============================================================
Verificar se os grafos tem ou nao ciclo

Grafo 1, Numero de vertices 17, Numero de arestas: 80, Grau de Conectividade sorteado: 59%
Tem ciclo: Sim
Grafo 2, Numero de vertices 36, Numero de arestas: 35, Grau de Conectividade sorteado: 1%
Tem ciclo: Nao
Grafo 3, Numero de vertices 18, Numero de arestas: 63, Grau de Conectividade sorteado: 41%
Tem ciclo: Sim
Grafo 4, Numero de vertices 40, Numero de arestas: 39, Grau de Conectividade sorteado: 1%
Tem ciclo: Nao
Grafo 5, Numero de vertices 18, Numero de arestas: 63, Grau de Conectividade sorteado: 41%
Tem ciclo: Sim
Grafo 6, Numero de vertices 40, Numero de arestas: 39, Grau de Conectividade sorteado: 1%
Tem ciclo: Nao
Grafo 7, Numero de vertices 18, Numero de arestas: 63, Grau de Conectividade sorteado: 41%
Tem ciclo: Sim
Grafo 8, Numero de vertices 40, Numero de arestas: 39, Grau de Conectividade sorteado: 1%
Tem ciclo: Nao
Grafo 9, Numero de vertices 18, Numero de arestas: 63, Grau de Conectividade sorteado: 41%
Tem ciclo: Sim
Grafo 10, Numero de vertices 40, Numero de arestas: 39, Grau de Conectividade sorteado: 1%
Tem ciclo: Nao
Grafo 11, Numero de vertices 18, Numero de arestas: 63, Grau de Conectividade sorteado: 41%
Tem ciclo: Sim
Grafo 12, Numero de vertices 40, Numero de arestas: 39, Grau de Conectividade sorteado: 1%
Tem ciclo: Nao
Grafo 13, Numero de vertices 18, Numero de arestas: 63, Grau de Conectividade sorteado: 41%
Tem ciclo: Sim
Grafo 14, Numero de vertices 40, Numero de arestas: 39, Grau de Conectividade sorteado: 1%
Tem ciclo: Nao
Grafo 15, Numero de vertices 18, Numero de arestas: 63, Grau de Conectividade sorteado: 41%
Tem ciclo: Sim
Grafo 16, Numero de vertices 40, Numero de arestas: 39, Grau de Conectividade sorteado: 1%
Tem ciclo: Nao
Grafo 17, Numero de vertices 18, Numero de arestas: 63, Grau de Conectividade sorteado: 41%
Tem ciclo: Sim
Grafo 18, Numero de vertices 40, Numero de arestas: 39, Grau de Conectividade sorteado: 1%
Tem ciclo: Nao
Grafo 19, Numero de vertices 18, Numero de arestas: 63, Grau de Conectividade sorteado: 41%
Tem ciclo: Sim
Grafo 20, Numero de vertices 40, Numero de arestas: 39, Grau de Conectividade sorteado: 1%
Tem ciclo: Nao
